# Format: Lon Lat Ve Vn Vu Se Sn Su ID
-89.833 13.575 -0.2 8.8 0.0 -0.4 -0.4 100 ACAJ
-89.68299999999999 13.836 3.8 8.1 0.0 -2.4 -1.4 100 AGLA
-89.80799999999999 13.909 -0.8 7.2 0.0 -0.6 -0.6 100 AHUA
-89.05 13.447 0.9 8.4 0.0 -0.5 -0.6 100 AIES
-87.999 13.405 6.8 7.2 0.0 -2.5 -1.8 100 AMAT
-63.618 15.667 10.9 13.9 0.0 -2.4 -1.3 100 AVES
-93.937 16.225 -5.3 0.9 0.0 -3.0 -1.6 100 AZTE
-59.609 13.088 12.8 15.4 0.0 -1.5 -1.0 100 BARB
-91.315 15.802 -4.8 1.1 0.0 -0.5 -0.7 100 BARI
-59.609 13.088 12.6 14.7 0.0 -0.5 -0.4 100 BDOS
-90.595 14.177 2.9 5.9 0.0 -4.9 -2.6 100 BEND
-83.772 11.994000000000002 12.6 7.3 0.0 -1.1 -0.6 100 BLUX
-88.507 13.529000000000002 -0.1 5.9 0.0 -0.5 -0.5 100 BT10
-88.677 13.728 10.7 9.5 0.0 -2.7 -2.4 100 CABA
-89.818 15.605 -5.5 0.9 0.0 -0.8 -0.5 100 CAH0
-89.059 15.394 -2.7 3.2 0.0 -1.1 -0.7 100 CAM0*
-90.539 19.845 -8.3 0.1 0.0 -0.7 -0.4 100 CAMP
-87.689 13.833 9.3 7.0 0.0 -0.4 -0.5 100 CARI
-89.743 14.463 7.3 6.3 0.0 -0.6 -0.6 100 CATR
-79.846 15.796 9.8 6.4 0.0 -1.3 -1.0 100 CAYS
-79.833 19.712 -6.8 3.2 0.0 -0.4 -0.4 100 CBSB
-88.902 13.939 10.5 7.4 0.0 -0.4 -0.4 100 CEGD
-87.559 12.976 1.8 11.3 0.0 -0.7 -0.8 100 CGUI
-88.561 13.622 7.9 6.7 0.0 -0.4 -0.7 100 CH15
-89.51899999999999 14.835 5.8 5.2 0.0 -1.1 -0.7 100 CHA0
-88.29899999999999 18.495 -7.5 0.6 0.0 -0.5 -0.3 100 CHET
-89.652 14.779000000000002 7.0 5.0 0.0 -0.8 -0.5 100 CHI0
-87.509 14.282 9.8 6.9 0.0 -0.4 -0.4 100 CHIQ
-90.291 15.812 -5.1 2.3 0.0 -0.5 -0.6 100 CHIS
-90.382 14.075 0.6 4.7 0.0 -0.7 -0.5 100 CHL0
-87.137 12.64 2.4 7.9 0.0 -0.5 -1.3 100 CHNN
-91.915 14.294 3.0 2.8 0.0 -1.3 -1.0 100 CHPO
-90.752 15.35 -4.4 2.8 0.0 -1.0 -0.9 100 CHQG
-86.846 12.572 6.2 13.7 0.0 -1.3 -0.9 100 CLV2
-90.804 14.638 0.5 3.0 0.0 -0.8 -0.4 100 CML0
-85.715 14.509 12.2 6.5 0.0 -2.9 -1.4 100 CMP1
-83.944 17.408 -2.2 3.5 0.0 -0.7 -0.7 100 CN18
-87.427 13.403 9.3 7.4 0.0 -0.7 -0.7 100 CN21
-87.045 12.384 7.5 15.1 0.0 -1.1 -1.1 100 CN22
-88.779 17.261 -6.9 0.5 0.0 -0.6 -0.6 100 CN23
-88.054 19.576 -8.1 0.9 0.0 -0.6 -0.6 100 CN24
-92.135 16.232 -3.6 3.7 0.0 -0.7 -0.7 100 CN25
-83.772 11.994000000000002 -1.1 8.6 0.0 -1.3 -1.0 100 CN30
-92.694 16.125 -4.8 2.7 0.0 -0.8 -0.5 100 CNCC
-88.344 14.027 9.8 7.1 0.0 -1.2 -0.7 100 CNCH
-86.699 12.501 2.5 13.9 0.0 -0.6 -0.6 100 CNG2
-89.289 13.67 3.0 10.3 0.0 -0.7 -1.0 100 CNR1*
-90.404 15.473 -4.5 1.3 0.0 -3.8 -1.9 100 COA0
-91.885 14.702 -0.4 3.9 0.0 -0.7 -0.8 100 COAT*
-90.389 15.464 -5.0 1.4 0.0 -0.4 -0.3 100 COB0
-92.137 16.282 -5.4 2.4 0.0 -0.3 -0.3 100 COMI
-89.45200000000001 14.517 8.8 5.8 0.0 -0.8 -0.4 100 CON0
-87.2 12.517 2.8 12.2 0.0 -1.3 -1.0 100 CORI
-83.065 12.177 13.2 5.2 0.0 -4.6 -2.3 100 CORN
-91.058 14.335 -0.0 6.7 0.0 -0.5 -0.6 100 COTZ*
-89.24 14.854 7.2 3.9 0.0 -3.8 -2.3 100 CPJ0
-88.898 13.727 9.9 7.7 0.0 -2.5 -1.3 100 CRM1
-64.584 17.757 10.8 13.7 0.0 -0.3 -0.4 100 CRO1
-88.728 13.669 9.1 7.5 0.0 -2.4 -1.3 100 CRR1
-88.38600000000001 13.487 6.5 6.9 0.0 -2.5 -1.3 100 CSJO
-88.86 14.578 9.3 6.0 0.0 -1.9 -1.1 100 CUCU
-88.823 13.668 10.0 7.7 0.0 -0.7 -0.6 100 DERA
-90.572 14.351 -3.4 8.6 0.0 -4.5 -2.5 100 DOL2
-90.58 14.352 -0.7 4.8 0.0 -4.7 -2.7 100 DOLO
-88.324 15.332 7.8 8.1 0.0 -4.6 -2.4 100 ECOP
-87.404 12.805 2.7 9.6 0.0 -0.9 -0.5 100 ELCO
-89.868 16.916 -6.8 0.9 0.0 -0.3 -0.3 100 ELEN
-88.463 14.232 9.6 7.0 0.0 -1.2 -0.7 100 ERAN
-87.11399999999999 14.601 10.0 6.3 0.0 -1.7 -0.9 100 ERAZ
-92.073 15.696 -4.1 3.4 0.0 -0.9 -0.6 100 ESPI
-93.604 15.935 -5.1 4.9 0.0 -3.0 -1.7 100 ESPO
-93.479 17.462 -5.9 1.5 0.0 -1.0 -0.6 100 ESTC
-89.671 15.084 -0.3 2.3 0.0 -0.7 -0.4 100 FMIN
-88.04 15.78 6.2 3.1 0.0 -2.5 -1.9 100 FRT1
-61.147 14.735 11.0 14.3 0.0 -2.4 -1.3 100 FSD0
-81.37899999999999 19.293 -7.7 3.3 0.0 -0.4 -0.4 100 GCGT
-86.07 15.03 10.0 6.5 0.0 -1.2 -0.6 100 GLCO
-91.081 14.034 1.0 4.9 0.0 -4.4 -2.4 100 GOME
-88.584 14.588 10.2 6.5 0.0 -1.2 -0.7 100 GRAC
-92.857 16.419 -5.7 1.8 0.0 -1.1 -0.6 100 GRUT
-89.469 14.228 8.3 5.7 0.0 -0.5 -0.5 100 GUAJ
-90.52 14.59 5.5 2.8 0.0 -0.4 -0.3 100 GUAT
-89.162 13.841 12.8 8.6 0.0 -3.0 -2.8 100 GUAY
-86.831 12.609000000000002 5.0 10.8 0.0 -0.6 -0.8 100 HERH
-89.615 15.03 0.5 2.1 0.0 -1.6 -0.9 100 HON0
-89.615 15.032 1.0 1.1 0.0 -4.4 -2.3 100 HON1
-86.82799999999999 12.599 4.9 9.6 0.0 -0.6 -0.7 100 HOYN
-91.469 15.282 -4.4 2.9 0.0 -1.6 -0.9 100 HUE0
-91.503 15.318 -2.7 3.9 0.0 -0.3 -0.4 100 HUEH
-90.528 19.853 -7.9 0.5 0.0 -0.4 -0.4 100 ICAM
-88.71600000000001 13.56 4.5 8.4 0.0 -2.6 -1.3 100 ICHA
-89.62799999999999 14.623 8.3 5.2 0.0 -1.2 -1.0 100 IPA0
-93.122 16.749000000000002 -4.5 1.4 0.0 -0.7 -0.7 100 ITUX
-90.269 14.183 2.1 5.8 0.0 -4.6 -2.8 100 IXTA
-88.71 15.099 7.8 5.8 0.0 -1.1 -0.6 100 JAGU
-90.01 14.624 4.0 5.9 0.0 -4.7 -2.5 100 JALA
-86.82799999999999 12.684 8.2 8.5 0.0 -0.5 -0.5 100 JCFI
-90.826 15.011 -3.9 1.3 0.0 -5.5 -3.6 100 JOY0
-88.25 13.253 3.5 9.2 0.0 -0.4 -0.4 100 JUCU
-87.99799999999999 14.944 9.6 5.7 0.0 -4.1 -2.2 100 LAGO
-88.43700000000001 14.73 8.3 5.6 0.0 -1.2 -0.7 100 LCAN
-86.84100000000001 15.748 9.0 6.8 0.0 -1.1 -0.6 100 LCEB
-86.90899999999999 12.427 3.7 12.9 0.0 -0.8 -0.5 100 LEME
-86.90899999999999 12.428 4.8 5.4 0.0 -4.5 -2.4 100 LEON
-88.16 14.315 8.8 5.8 0.0 -1.5 -0.9 100 LESP
-87.74700000000001 13.595999999999998 9.7 6.5 0.0 -0.5 -0.4 100 LJAS
-89.78 13.902 -0.6 8.4 0.0 -0.9 -0.9 100 LNUB
-88.368 13.559 10.6 6.8 0.0 -2.5 -1.5 100 LOLO
-87.919 13.68 8.4 6.9 0.0 -2.7 -1.3 100 LPIN
-87.691 14.314 9.6 6.9 0.0 -0.4 -0.4 100 LPZW
-88.198 13.378 2.3 10.9 0.0 -4.2 -2.0 100 LSSJ
-86.678 12.546 5.9 10.1 0.0 -1.2 -0.7 100 MALP
-86.249 12.149 6.5 8.8 0.0 -0.3 -0.3 100 MANA
-89.135 14.841 7.7 6.0 0.0 -0.5 -0.6 100 MAYA
-91.55 14.537 -0.5 5.0 0.0 -0.9 -0.7 100 MAZ0
-91.552 14.54 -0.3 3.1 0.0 -1.0 -0.8 100 MAZ2
-87.931 15.445 7.0 5.6 0.0 -0.4 -0.5 100 MEZA
-88.15 13.529000000000002 7.9 6.1 0.0 -2.3 -1.2 100 MGL1
-89.197 13.965 9.4 8.6 0.0 -0.4 -0.4 100 MNGO
-86.38 14.917 10.0 6.1 0.0 -1.2 -0.6 100 MNTO
-89.234 15.93 -6.7 0.7 0.0 -1.1 -0.6 100 MOD0
-89.859 14.496 8.4 5.1 0.0 -1.3 -0.8 100 MON0
-86.925 13.599 9.0 7.2 0.0 -1.2 -0.7 100 MORO
-90.085 14.033 0.8 4.9 0.0 -4.6 -2.4 100 MOYU
-92.894 15.459 -3.5 3.4 0.0 -0.8 -0.5 100 MPSC
-88.85 15.462 -1.6 3.9 0.0 -0.7 -0.6 100 MRLS
-92.368 14.791 -1.0 5.2 0.0 -0.5 -0.8 100 MTP1
-87.625 15.557 8.7 6.0 0.0 -7.4 -3.8 100 NAJO
-90.81 17.227 -7.0 0.9 0.0 -0.5 -0.5 100 NARA
-87.35700000000001 13.678 9.5 6.8 0.0 -1.2 -0.7 100 NDAM
-89.199 14.438 10.2 9.1 0.0 -1.1 -0.7 100 NOCO
-88.95200000000001 13.574000000000002 1.6 7.7 0.0 -2.4 -2.1 100 NONU
-87.949 14.695 9.8 7.0 0.0 -0.4 -0.4 100 OCOM
-88.367 13.722 8.6 7.9 0.0 -2.6 -1.4 100 OPAC
-88.146 13.814 10.2 7.0 0.0 -0.4 -0.4 100 OSIC
-90.63 15.458 -4.4 2.7 0.0 -3.4 -2.0 100 PAM0
-87.83200000000001 13.592 8.6 6.5 0.0 -2.5 -1.8 100 PASA
-86.59200000000001 12.295 4.3 9.4 0.0 -1.1 -0.7 100 PAZC
-90.638 14.414 2.6 5.2 0.0 -0.9 -0.7 100 PCYA
-90.38 14.550999999999998 5.8 3.4 0.0 -0.6 -0.5 100 PIN0
-90.386 14.546 3.4 4.6 0.0 -4.5 -2.4 100 PIN2
-89.345 13.793 4.5 9.1 0.0 -4.2 -3.5 100 PLAY
-86.507 11.773 2.7 9.4 0.0 -1.2 -0.9 100 POCH
-86.81299999999999 12.649 7.3 8.9 0.0 -0.6 -0.6 100 POLS
-87.021 12.383 2.1 10.0 0.0 -0.4 -0.3 100 PONE
-89.41 16.325 -6.3 1.5 0.0 -0.5 -0.5 100 POPT
-85.367 12.573 9.2 6.7 0.0 -0.4 -0.5 100 PRT1
-88.605 13.347 3.4 7.6 0.0 -2.4 -1.5 100 PRUS
-83.382 14.042 10.8 6.1 0.0 -2.0 -1.1 100 PUEC
-91.148 15.025 -3.2 -1.2 0.0 -4.6 -2.4 100 QICH
-91.514 14.871 -2.5 -0.5 0.0 -1.6 -1.3 100 QUE0
-91.514 14.871 -2.0 1.5 0.0 -0.3 -0.3 100 QUE1
-86.852 12.592 5.3 12.0 0.0 -0.7 -0.7 100 QUEN
-87.155 13.332 10.2 6.2 0.0 -0.4 -0.4 100 RECA
-85.221 12.921 10.9 6.6 0.0 -4.2 -2.1 100 RIOB
-86.527 16.317999999999998 8.7 7.3 0.0 -0.8 -0.8 100 ROA0
-88.57799999999999 13.824000000000002 10.7 6.6 0.0 -2.7 -1.3 100 ROG1
-88.77600000000001 14.767 8.8 6.5 0.0 -1.2 -0.7 100 ROSA
-86.736 12.525 1.7 13.4 0.0 -0.7 -0.7 100 ROTB
-90.447 15.99 -6.2 1.6 0.0 -0.7 -0.5 100 RUB0
-91.186 18.967 -7.7 -0.3 0.0 -0.3 -0.3 100 SABY
-87.815 13.325 8.5 7.2 0.0 -0.4 -0.4 100 SAIN
-90.281 15.075 -2.2 1.8 0.0 -0.7 -0.5 100 SAL0
-86.85600000000001 12.618 7.6 12.3 0.0 -0.8 -0.6 100 SALN
-81.71600000000001 12.58 12.4 7.0 0.0 -0.5 -0.5 100 SAN0
-90.249 14.816 4.0 2.6 0.0 -0.8 -0.5 100 SAN2
-81.729 12.524 12.8 7.6 0.0 -0.6 -0.5 100 SANA
-90.192 16.52 -8.0 -0.0 0.0 -0.6 -0.5 100 SAYA*
-88.354 13.634 9.2 7.0 0.0 -2.5 -1.4 100 SBAR
-88.083 13.638 10.0 6.4 0.0 -2.8 -1.6 100 SCAR
-87.021 12.697 5.4 9.8 0.0 -0.8 -0.8 100 SCW2
-92.389 15.281 -2.8 3.6 0.0 -0.9 -0.5 100 SELC
-86.245 14.966 11.7 6.8 0.0 -2.5 -1.3 100 SFDP
-87.06299999999999 13.1 9.0 6.8 0.0 -0.4 -0.4 100 SGTO
-89.32 13.495 -1.6 13.4 0.0 -3.4 -2.0 100 SIGN
-88.211 14.815 9.2 8.7 0.0 -0.4 -0.4 100 SJAN
-86.589 14.14 9.3 5.4 0.0 -4.1 -2.2 100 SJUL
-87.436 13.424 10.2 4.4 0.0 -0.4 -0.3 100 SLOR
-88.954 14.403 10.4 6.2 0.0 -1.9 -1.2 100 SMCO
-91.808 14.953 -1.3 3.0 0.0 -0.9 -0.9 100 SMHO
-89.601 13.868 5.7 6.5 0.0 -0.5 -0.5 100 SNJE
-87.95 14.066 9.6 7.2 0.0 -0.4 -0.4 100 SNTA
-91.494 15.571 -5.0 2.7 0.0 -0.8 -0.5 100 SOL0
-92.519 16.675 -5.5 1.9 0.0 -0.9 -0.5 100 SOLE
-89.052 13.446 0.8 9.5 0.0 -0.5 -0.5 100 SSAS
-89.117 13.697 8.2 6.9 0.0 -0.4 -0.4 100 SSIA
-89.39 13.502 -1.9 9.4 0.0 -0.5 -0.6 100 SUNZ
-88.79299999999999 13.639 5.1 8.0 0.0 -0.8 -0.9 100 SVCI
-88.787 13.63 6.1 9.8 0.0 -2.6 -1.7 100 SVIC
-89.354 13.97 8.8 6.9 0.0 -3.1 -2.2 100 TACA
-90.465 14.035 0.8 8.2 0.0 -0.6 -0.8 100 TAXI
-86.838 12.603 4.1 12.3 0.0 -0.6 -0.6 100 TECF
-90.992 14.761 -2.1 2.2 0.0 -0.7 -0.7 100 TECP
-87.206 14.09 9.6 7.1 0.0 -0.6 -0.6 100 TEG2
-87.206 14.09 8.9 7.0 0.0 -0.4 -0.3 100 TEGU
-89.105 14.175 7.1 6.8 0.0 -3.3 -2.1 100 TEJU
-86.835 12.606 5.2 10.3 0.0 -0.6 -0.5 100 TELN
-85.814 12.41 9.2 3.7 0.0 -1.8 -1.0 100 TEUS
-93.122 16.778 -6.2 1.1 0.0 -1.2 -1.1 100 TGIG
-92.296 14.882 -0.0 6.5 0.0 -1.1 -1.0 100 THIG
-89.61200000000001 17.225 -6.0 2.2 0.0 -0.8 -0.8 100 TIKA
-89.875 15.318 -3.9 0.0 0.0 -0.9 -1.8 100 TINT
-93.219 15.705 -4.2 1.5 0.0 -1.0 -1.2 100 TNPJ
-86.84100000000001 13.925999999999998 9.4 6.4 0.0 -1.2 -0.8 100 TONU
-91.335 15.025 -4.0 2.1 0.0 -4.6 -2.4 100 TOTO
-92.296 14.883 -1.1 5.8 0.0 -0.7 -0.7 100 TPCH
-86.689 12.025 2.8 9.3 0.0 -1.0 -0.7 100 TRAN
-90.87 15.348 -6.0 -2.3 0.0 -3.6 -1.9 100 USP0
-88.484 13.38 2.4 5.7 0.0 -2.5 -1.4 100 USUL
-91.185 14.789 -5.4 1.0 0.0 -4.7 -2.5 100 UVGS
-88.988 13.515 4.4 7.2 0.0 -1.3 -1.0 100 VIEJ
-64.798 17.715999999999998 11.1 13.4 0.0 -0.3 -0.4 100 VIKH
-92.913 17.996 -7.7 0.6 0.0 -0.5 -0.4 100 VILL
-88.305 13.396 4.9 8.2 0.0 -0.9 -0.7 100 VMIG
-89.501 14.981 4.9 4.7 0.0 -0.9 -0.6 100 ZAC0
-89.35600000000001 15.113 4.7 5.0 0.0 -0.7 -0.7 100 ZACA
-89.82700000000001 14.139 3.6 8.3 0.0 -4.6 -2.5 100 ZAPO
